image_width: 4000
image_height: 3000
camera_name: dji_camera
camera_matrix:
  rows: 3
  cols: 3
  data: [2336.542855972313, 0.0, 1950.6769198494073, 0.0, 2342.799426620232, 1449.7876165859489, 0.0, 0.0, 1.0]
distortion_model: plumb_bob
distortion_coefficients:
  rows: 1
  cols: 5
  data: [-0.004576723883093888, 0.0021105019662003063, -0.0012279307296618155, -0.0012274105601166971, -0.003731992607303496]
rectification_matrix:
  rows: 3
  cols: 3
  data: [1, 0, 0, 0, 1, 0, 0, 0, 1]
projection_matrix:
  rows: 3
  cols: 4
  data: [2327.2216796875, 0.0, 1943.137947023206, 0.0, 0.0, 2338.234130859375, 1445.3455513627123, 0.0, 0.0, 0.0, 1.0, 0.0]
