header: 
  seq: 0
  stamp: 
    secs: 0
    nsecs: 0
  frame_id: ''
height: 3000
width: 4000
distortion_model: plumb_bob
D: [-0.004576723883093888, 0.0021105019662003063, -0.0012279307296618155, -0.0012274105601166971, -0.003731992607303496]
K: [2336.542855972313, 0.0, 1950.6769198494073, 0.0, 2342.799426620232, 1449.7876165859489, 0.0, 0.0, 1.0]
R: [1.0, 0.0, 0.0, 0.0, 1.0, 0.0, 0.0, 0.0, 1.0]
P: [2327.2216796875, 0.0, 1943.137947023206, 0.0, 0.0, 2338.234130859375, 1445.3455513627123, 0.0, 0.0, 0.0, 1.0, 0.0]
binning_x: 0
binning_y: 0
roi: 
  x_offset: 0
  y_offset: 0
  height: 0
  width: 0
  do_rectify: False